StartSoftware_noInteraction_noBattery.pcapng

First packet sent

0000   0f 03 5a 00 5a ff ff 00 00 00 00 00 00 00 00 00

0010   00 00 00 00 00 00 00 00 00 00 00 00 00 00 00 00

0020   00 00 00 00 00 00 00 00 00 00 00 00 00 00 00 00

0030   00 00 00 00 00 00 00 00 00 00 00 00 00 00 00 00

	
	First packet received
	
	0000   0f 25 5a 00 00 01 00 b4 01 1f 40 01 01 2a f8 00

	0010   00 50 00 05 01 1a 01 1b 01 24 01 29 01 24 01 2f

	0020   00 00 00 00 00 00 c3 ff ff 00 00 00 00 00 00 00

	0030   00 00 00 00 00 00 00 00 00 00 00 00 00 00 00 00

	

Second transaction

0000   0f 03 57 00 57 ff ff 00 00 00 00 00 00 00 00 00

0010   00 00 00 00 00 00 00 00 00 00 00 00 00 00 00 00

0020   00 00 00 00 00 00 00 00 00 00 00 00 00 00 00 00

0030   00 00 00 00 00 00 00 00 00 00 00 00 00 00 00 00

	
	0000   0f 14 57 00 00 31 30 30 30 38 34 01 00 00 00 00

	0010   01 0c 01 09 bb 57 ff ff 01 24 01 29 01 24 01 2f

	0020   00 00 00 00 00 00 c3 ff ff 00 00 00 00 00 00 00

	0030   00 00 00 00 00 00 00 00 00 00 00 00 00 00 00 00

	

Third transaction

0000   0f 03 57 00 57 ff ff 00 00 00 00 00 00 00 00 00

0010   00 00 00 00 00 00 00 00 00 00 00 00 00 00 00 00

0020   00 00 00 00 00 00 00 00 00 00 00 00 00 00 00 00

0030   00 00 00 00 00 00 00 00 00 00 00 00 00 00 00 00

	
	0000   0f 14 57 00 00 31 30 30 30 38 34 01 00 00 00 00

	0010   01 0c 01 09 bb 57 ff ff 01 24 01 29 01 24 01 2f

	0020   00 00 00 00 00 00 c3 ff ff 00 00 00 00 00 00 00

	0030   00 00 00 00 00 00 00 00 00 00 00 00 00 00 00 00

	

Fourth transaction

0000   0f 03 5f 00 5f ff ff 00 00 00 00 00 00 00 00 00

0010   00 00 00 00 00 00 00 00 00 00 00 00 00 00 00 00

0020   00 00 00 00 00 00 00 00 00 00 00 00 00 00 00 00

0030   00 00 00 00 00 00 00 00 00 00 00 00 00 00 00 00


	0000   0f 0f 5f 00 02 00 00 00 64 14 01 02 0e 07 ff ff

	0010   ef ff ff 09 bb 57 ff ff 01 24 01 29 01 24 01 2f

	0020   00 00 00 00 00 00 c3 ff ff 00 00 00 00 00 00 00

	0030   00 00 00 00 00 00 00 00 00 00 00 00 00 00 00 00


	
Fifth transaction

0000   0f 03 5a 00 5a ff ff 00 00 00 00 00 00 00 00 00

0010   00 00 00 00 00 00 00 00 00 00 00 00 00 00 00 00

0020   00 00 00 00 00 00 00 00 00 00 00 00 00 00 00 00

0030   00 00 00 00 00 00 00 00 00 00 00 00 00 00 00 00


	0000   0f 25 5a 00 00 01 00 b4 01 1f 40 01 01 2a f8 00

	0010   00 50 00 05 01 1a 01 1b 01 23 01 29 01 24 01 2f

	0020   00 00 00 00 00 00 c2 ff ff 00 00 00 00 00 00 00

	0030   00 00 00 00 00 00 00 00 00 00 00 00 00 00 00 00
	

Continues by repeating transaction five every 5 seconds